0
0.5844346549192364
1
0.7399455215510334
2
0.6377691882937604
3
0.18944519621109607
4
0.15516299399016573
5
0.3516209476309227
6
0.3158258465791292
7
0.8720117092210116
8
0.29075585988938635
9
0.5204351661276095
10
0.719260065288357
11
0.3712548849326965
12
0.5296912114014252
13
0.5741404011461319
14
0.6066799601196411
15
0.2661192948563149
16
0.6231903666621567
17
0.20495066643586637
18
0.6540814542912078
19
0.26168773890032343
20
0.0687382297551789
21
0.5413798623339203
22
0.22498721663541843
23
0.33761612966989524
24
0.04560530679933665
25
0.6275510204081632
26
0.5244996549344375
27
0.6144760751059963
28
0.30843373493975906
29
0.4622342831298055
30
0.34274850624660513
31
0.5800515274199485
32
0.35219683655536027
33
0.37922787837376154
34
0.4509009009009009
35
0.2657952069716776
36
0.4220036137321823
37
0.5340599455040872
38
0.449743964886613
39
0.6032064128256514
40
0.7494502272394077
41
0.523509811181044
42
0.04453516422341807
43
0.477811889478091
44
0.3976721629485936
45
0.386102549733819
46
0.5745601384482262
47
0.7346938775510204
48
0.5458692346680183
49
0.7066907775768535
50
0.45984112974404234
51
0.3366093366093366
52
0.8060584958217271
53
0.6917293233082706
54
0.7138276553106212
55
0.13707865168539327
56
0.4999099585809472
57
0.16666666666666666
58
0.20951828206616366
59
0.8800862829689186
60
0.2772727272727273
61
0.48202315661182205
62
0.5048605577689244
63
0.4283226929773651
64
0.41369606003752346
65
0.552901023890785
66
0.18836772983114447
67
0.8111264791762717
68
0.5184259837601499
69
0.3688165309956168
70
0.5964024732996065
71
0.4975470155355683
72
0.434768533505989
73
0.3995661605206074
74
0.5953696788648245
75
0.23534715960324618
76
0.0
77
0.7025595763459841
78
0.0
79
0.42420749279538905
0.4509715260522536
