0
0.428169014084507
1
0.17411150961851973
2
0.4893784421715185
3
0.6854898109501596
4
0.3581247796968629
5
0.44061650045330913
6
0.6305048335123523
7
0.495364238410596
8
0.388646288209607
9
0.4502455414835875
10
0.2209181912323093
11
0.6468812877263581
12
0.8075292521621164
13
0.09290646578782172
14
0.0
15
0.7417426863793646
16
0.36152730787820203
17
0.46200980392156865
18
0.5556193758376412
19
0.0847457627118644
20
0.0
21
0.46288906624102155
22
0.346968378299971
23
0.7234828496042216
24
0.5206089862606759
25
0.24484536082474226
26
0.7778032561339142
27
0.6018211920529801
28
0.014804370814240395
29
0.5547445255474452
30
0.5540921919096896
31
0.6473517428700769
32
0.4758723088344469
33
0.11642651296829971
34
0.7805496828752643
35
0.5251826220684352
36
0.4980406127538297
37
0.3901070882202958
38
0.6554417635827113
39
0.14826752618855762
40
0.597927972372965
41
0.43061728395061727
42
0.6330390920554855
43
0.0
44
0.6243339253996447
45
0.5148698884758365
46
0.8058252427184466
47
0.0
48
0.0
49
0.30039525691699603
50
0.5944798301486199
51
0.18304323413812465
52
0.370757180156658
53
0.15475255302435192
54
0.0
55
0.7110988708344809
56
0.8652312599681021
57
0.5996563573883161
58
0.5746031746031746
59
0.6933060109289617
60
0.6944444444444444
61
0.6749626679940269
62
0.5174234424498416
63
0.3659305993690852
64
0.3463892288861689
65
0.41904761904761906
66
0.36689990873136596
67
0.37440435670524164
68
0.5054874112330536
69
0.8230434782608695
70
0.3648740639891082
71
0.2763010108573568
72
0.0
73
0.4339796860572484
74
0.16991297140489017
75
0.3944012441679627
76
0.17307692307692307
77
0.8026562233951984
78
0.2298507462686567
79
0.4032334759866857
0.4318010970710703
